864	306	29
0.5101645588874817	11.342244148254395	2.0376408100128174	0.7679329514503479	0.8385148048400879	1.0	6	0.0	0	0.0	0	0.625766932964325	-0.4491991102695465	0.637680172920227	-0.6888660788536072	0.06523186713457108	0.7219476699829102	-0.3658953011035919	-0.8910471200942993	-0.26861804723739624
0.0	10.87853717803955	2.2116267681121826	0.8085603713989258	0.8794229626655579	0.9442751202775684	6	0.055724879722431606	4	0.0	0	0.625766932964325	-0.4491991102695465	0.637680172920227	-0.6888660788536072	0.06523187458515167	0.7219476103782654	-0.3658953011035919	-0.8910471796989441	-0.26861807703971863
0.5912391543388367	10.870827674865723	1.6260024309158325	0.7551679015159607	0.875565767288208	0.9624404965450057	6	0.03755950345499429	4	0.0	0	0.625766932964325	-0.4491991102695465	0.637680172920227	-0.6888660788536072	0.06523185223340988	0.7219476699829102	-0.3658953011035919	-0.8910471200942993	-0.26861804723739624
0.4744718372821808	10.477368354797363	1.6626423597335815	0.7645758390426636	0.9093803763389587	0.890931801715665	6	0.10906819828433498	4	0.0	0	0.5890679955482483	-0.31919872760772705	0.7423685193061829	-0.7697843313217163	0.05781347677111626	0.635680615901947	-0.2458273470401764	-0.9459227323532104	-0.21165810525417328
0.0	10.87853717803955	2.2116267681121826	0.8085603713989258	0.8794229626655579	0.9442751202775684	6	0.055724879722431606	4	0.0	0	0.5890679955482483	-0.31919872760772705	0.7423685193061829	-0.7697842717170715	0.05781346932053566	0.6356805562973022	-0.24582736194133759	-0.9459227919578552	-0.21165810525417328
0.0	10.244780540466309	1.9391282796859741	0.8040114641189575	0.9313625693321228	0.8502305478141841	6	0.14976945218581597	4	0.0	0	0.5890679955482483	-0.31919872760772705	0.7423685193061829	-0.7697843313217163	0.05781347677111626	0.635680615901947	-0.2458273470401764	-0.9459227323532104	-0.21165810525417328
0.0	12.115357398986816	1.5603100061416626	0.691078782081604	0.5485956072807312	1.0	6	0.0	0	0.0	0	-1.0	0.0	0.0	0.0	-0.10180115699768066	0.9948047399520874	0.0	0.9948047399520874	0.10180115699768066
0.0	11.355372428894043	2.0181667804718018	0.7347698211669922	0.48794665932655334	1.0	6	0.0	0	0.0	0	-1.0	0.0	0.0	0.0	-0.10180114954710007	0.9948047399520874	0.0	0.9948047399520874	0.10180114954710007
0.0	11.905875205993652	2.1051864624023438	0.7373154759407043	0.5355220437049866	1.0	6	0.0	0	0.0	0	-1.0	0.0	0.0	0.0	-0.10180115699768066	0.9948047995567322	0.0	0.9948047995567322	0.10180115699768066
0.4420677125453949	10.407902717590332	1.4335309267044067	0.4473150372505188	0.8763890266418457	0.8088734758073561	6	0.16999193366434062	4	0.021134590528303254	7	0.5698912739753723	-0.8052785992622375	0.16355517506599426	0.4168896973133087	0.4548645615577698	0.7869568467140198	-0.7081150412559509	-0.38029539585113525	0.5949357151985168
0.4797079861164093	10.480353355407715	1.6590944528579712	0.46455118060112	0.882960855960846	0.8909332442046541	6	0.10906675579534582	4	0.0	0	0.5698912739753723	-0.8052785992622375	0.16355517506599426	0.4168897867202759	0.45486459136009216	0.7869569659233093	-0.7081150412559509	-0.38029542565345764	0.5949357748031616
0.4744718372821808	10.477368354797363	1.6626423597335815	0.4645717740058899	0.8835321664810181	0.890931801715665	6	0.10906819828433498	4	0.0	0	0.5698912739753723	-0.8052785992622375	0.16355517506599426	0.4168897569179535	0.45486459136009216	0.7869569063186646	-0.7081150412559509	-0.38029539585113525	0.5949357748031616
0.48027488589286804	11.909195899963379	1.3701213598251343	0.058050282299518585	0.9992274045944214	1.0	6	0.0	0	0.0	0	0.8291202783584595	0.44715580344200134	0.33557629585266113	0.34434473514556885	0.06442434340715408	-0.9366303086280823	-0.4404389262199402	0.8921329975128174	-0.10056021064519882
0.5158587098121643	11.342076301574707	2.037890672683716	0.0	0.9549593925476074	1.0	6	0.0	0	0.0	0	0.8291202783584595	0.44715580344200134	0.33557629585266113	0.34434470534324646	0.06442435830831528	-0.9366302490234375	-0.4404388964176178	0.8921329379081726	-0.10056017339229584
0.7927318215370178	11.377951622009277	1.3060065507888794	0.0602240227162838	0.9537307024002075	1.0	6	0.0	0	0.0	0	0.8291202783584595	0.44715580344200134	0.33557629585266113	0.34434470534324646	0.06442435085773468	-0.9366303086280823	-0.4404389262199402	0.8921329975128174	-0.10056018829345703
0.7362156510353088	11.364136695861816	0.5197543501853943	0.6797903776168823	0.7947704195976257	1.0	6	0.0	0	0.0	0	0.29147207736968994	0.2607681155204773	-0.9203500151634216	-0.9558707475662231	0.042371559888124466	-0.2907160222530365	-0.036812808364629745	0.9644712209701538	0.261610746383667
0.3440372049808502	11.969727516174316	0.5671383142471313	0.7131475210189819	0.8447545766830444	1.0	6	0.0	0	0.0	0	0.29147207736968994	0.2607681155204773	-0.9203500151634216	-0.9558707475662231	0.042371559888124466	-0.2907160222530365	-0.036812808364629745	0.9644712209701538	0.261610746383667
0.7448105216026306	11.363961219787598	0.5224266052246094	0.6790573596954346	0.7947878837585449	1.0	6	0.0	0	0.0	0	0.29147207736968994	0.2607681155204773	-0.9203500151634216	-0.9558707475662231	0.042371559888124466	-0.2907160222530365	-0.036812808364629745	0.9644712209701538	0.261610746383667
0.6854990720748901	10.89121150970459	0.5125904679298401	0.6822086572647095	0.7541828751564026	1.0	6	0.0	0	0.0	0	0.2537522315979004	-0.33141690492630005	-0.9087203145027161	-0.9581188559532166	0.0427972748875618	-0.28315481543540955	0.1327330470085144	0.9425132274627686	-0.30667686462402344
0.44843146204948425	10.455517768859863	0.6052920818328857	0.6984613537788391	0.7158411145210266	0.9112623005031807	6	0.05387299102849583	7	0.03486470846832342	4	0.2537522315979004	-0.33141690492630005	-0.9087203145027161	-0.9581188559532166	0.0427972786128521	-0.28315481543540955	0.1327330470085144	0.9425132274627686	-0.30667686462402344
0.44359156489372253	10.455809593200684	0.6038341522216797	0.6988741159439087	0.7158476114273071	0.9115017313902984	6	0.05361967361176771	7	0.03487859499793381	4	0.2537522315979004	-0.33141690492630005	-0.9087203145027161	-0.9581189155578613	0.0427972711622715	-0.28315481543540955	0.1327330470085144	0.9425132870674133	-0.3066768944263458
0.0	10.359292030334473	1.5862199068069458	0.7077451944351196	0.39947494864463806	0.7808932566846392	6	0.21910674331536087	4	0.0	0	-1.0	0.0	0.0	0.0	-0.10180015116930008	0.994804859161377	0.0	0.994804859161377	0.10180015116930008
0.0	10.87853717803955	2.2116267681121826	0.7545208930969238	0.44907742738723755	0.9442751202775684	6	0.055724879722431606	4	0.0	0	-1.0	0.0	0.0	0.0	-0.10179907083511353	0.9948050379753113	0.0	0.9948050379753113	0.10179907083511353
0.0	10.992234230041504	1.3952029943466187	0.6869001388549805	0.451641708612442	0.9462931958095535	6	0.05370680419044654	4	0.0	0	-1.0	0.0	0.0	0.0	-0.1018000915646553	0.994804859161377	0.0	0.994804859161377	0.1018000915646553
0.35068389773368835	11.778103828430176	2.003547430038452	0.781006932258606	0.80116868019104	1.0	6	0.0	0	0.0	0	-0.03640216961503029	0.06468570977449417	0.9972414970397949	-0.9993359446525574	-0.0007673336076550186	-0.03642885014414787	-0.001591209089383483	-0.9979053735733032	0.06467068940401077
0.0	11.355372428894043	2.0181667804718018	0.8066226243972778	0.837356686592102	1.0	6	0.0	0	0.0	0	-0.03640216961503029	0.06468570977449417	0.9972414970397949	-0.9993359446525574	-0.0007673334330320358	-0.03642885014414787	-0.0015912093222141266	-0.9979053735733032	0.06467068940401077
0.5101645588874817	11.342244148254395	2.0376408100128174	0.7679329514503479	0.8385148048400879	1.0	6	0.0	0	0.0	0	-0.03640216961503029	0.06468570977449417	0.9972414970397949	-0.9993359446525574	-0.0007673333748243749	-0.03642885014414787	-0.0015912093222141266	-0.9979053735733032	0.06467068940401077
0.0	12.115357398986816	1.5603100061416626	0.8522817492485046	0.8817976713180542	1.0	6	0.0	0	0.0	0	0.4675288200378418	0.8415894508361816	0.27045145630836487	-0.877663254737854	0.4784339666366577	0.02842610888183117	-0.10547004640102386	-0.25065532326698303	0.9623138308525085
0.35068389773368835	11.778103828430176	2.003547430038452	0.8224344253540039	0.921379566192627	1.0	6	0.0	0	0.0	0	0.4675288200378418	0.8415894508361816	0.27045145630836487	-0.8776633143424988	0.4784339964389801	0.028426112607121468	-0.10547006130218506	-0.2506553530693054	0.9623138904571533
0.4750315845012665	11.9118070602417	1.3725308179855347	0.8135530948638916	0.8667872548103333	1.0	6	0.0	0	0.0	0	0.4675288200378418	0.8415894508361816	0.27045145630836487	-0.8776633143424988	0.4784339964389801	0.028426112607121468	-0.10547006130218506	-0.2506553530693054	0.9623138904571533
0.0	11.355372428894043	2.0181667804718018	0.7347698211669922	0.48794665932655334	1.0	6	0.0	0	0.0	0	-1.0	0.0	0.0	0.0	-0.10179963707923889	0.9948049187660217	0.0	0.9948049187660217	0.10179963707923889
0.0	11.334446907043457	1.3781033754348755	0.6826679706573486	0.4805966317653656	1.0	6	0.0	0	0.0	0	-1.0	0.0	0.0	0.0	-0.1018003597855568	0.994804859161377	0.0	0.994804859161377	0.1018003597855568
0.7362156510353088	11.364136695861816	0.5197543501853943	0.6797903776168823	0.7947704195976257	1.0	6	0.0	0	0.0	0	0.31808537244796753	-0.019753381609916687	-0.9478562474250793	-0.946962833404541	0.04151107743382454	-0.31865066289901733	0.045640964061021805	0.9989427328109741	-0.0055016521364450455
0.6934431791305542	10.890904426574707	0.5152627825737	0.6815277338027954	0.7541863918304443	1.0	6	0.0	0	0.0	0	0.31808537244796753	-0.019753381609916687	-0.9478562474250793	-0.9469627737998962	0.04151107370853424	-0.31865063309669495	0.045640964061021805	0.9989427924156189	-0.005501653999090195
0.6854990720748901	10.89121150970459	0.5125904679298401	0.6822086572647095	0.7541828751564026	1.0	6	0.0	0	0.0	0	0.31808537244796753	-0.019753381609916687	-0.9478562474250793	-0.9469627737998962	0.04151107743382454	-0.31865063309669495	0.0456409677863121	0.9989427924156189	-0.0055016521364450455
0.4468880593776703	10.408526420593262	1.43157160282135	0.04420739412307739	0.8715931177139282	0.8100359077988735	6	0.1683287079065586	4	0.021635384294567905	7	0.9547713994979858	-0.29392582178115845	-0.044934965670108795	-0.02489861287176609	0.07155994325876236	-0.997125506401062	0.29629647731781006	0.9531457424163818	0.06100504472851753
0.597973644733429	10.870728492736816	1.6184877157211304	0.031616922467947006	0.9122523069381714	0.9629571360843341	6	0.037042863915665865	4	0.0	0	0.9547713994979858	-0.29392582178115845	-0.044934965670108795	-0.024898620322346687	0.07155993580818176	-0.9971255660057068	0.29629650712013245	0.9531458020210266	0.06100503355264664
0.4797079861164093	10.480353355407715	1.6590944528579712	0.025985615327954292	0.8791292905807495	0.8909332442046541	6	0.10906675579534582	4	0.0	0	0.9547713994979858	-0.29392582178115845	-0.044934965670108795	-0.02489861659705639	0.07155993580818176	-0.997125506401062	0.29629647731781006	0.9531457424163818	0.061005037277936935
0.7927318215370178	11.377951622009277	1.3060065507888794	0.0602240227162838	0.9537307024002075	1.0	6	0.0	0	0.0	0	0.9494911432266235	-0.24013231694698334	0.20199772715568542	0.22400380671024323	0.06789300590753555	-0.9722205400466919	0.21974733471870422	0.9683630466461182	0.11825436353683472
0.597973644733429	10.870728492736816	1.6184877157211304	0.031616922467947006	0.9122523069381714	0.9629571360843341	6	0.037042863915665865	4	0.0	0	0.9494911432266235	-0.24013231694698334	0.20199772715568542	0.22400382161140442	0.06789299845695496	-0.9722205400466919	0.21974733471870422	0.9683630466461182	0.11825436353683472
0.666508138179779	10.88305950164795	1.3109999895095825	0.056897446513175964	0.9114711284637451	0.9770563199741006	6	0.022943680025899423	4	0.0	0	0.9494911432266235	-0.24013231694698334	0.20199772715568542	0.22400382161140442	0.06789300590753555	-0.9722205996513367	0.21974734961986542	0.9683631062507629	0.11825436353683472
0.7448105216026306	11.363961219787598	0.5224266052246094	0.12435545027256012	0.9477221965789795	1.0	6	0.0	0	0.0	0	0.991607129573822	-0.10656603425741196	-0.07320556044578552	-0.06576443463563919	0.07174468040466309	-0.9952526688575745	0.11131224036216736	0.9917139410972595	0.06413428485393524
0.7181715965270996	10.876601219177246	0.8710432648658752	0.09292243421077728	0.9082677960395813	1.0	6	0.0	0	0.0	0	0.991607129573822	-0.10656603425741196	-0.07320556044578552	-0.06576443463563919	0.07174467295408249	-0.9952526092529297	0.11131223291158676	0.9917138814926147	0.06413427740335464
0.6934431791305542	10.890904426574707	0.5152627825737	0.12216182053089142	0.9072995185852051	1.0	6	0.0	0	0.0	0	0.991607129573822	-0.10656603425741196	-0.07320556044578552	-0.06576443463563919	0.07174467295408249	-0.9952526688575745	0.11131224036216736	0.9917139410972595	0.06413427740335464
0.7181715965270996	10.876601219177246	0.8710432648658752	0.09292243421077728	0.9082677960395813	1.0	6	0.0	0	0.0	0	0.9626479148864746	-0.2443493753671646	0.11662918329238892	0.1373962163925171	0.06968432664871216	-0.9880619049072266	0.23330511152744293	0.9671802520751953	0.10065416991710663
0.7927318215370178	11.377951622009277	1.3060065507888794	0.0602240227162838	0.9537307024002075	1.0	6	0.0	0	0.0	0	0.9626479148864746	-0.2443493753671646	0.11662918329238892	0.1373962163925171	0.06968431919813156	-0.9880619049072266	0.23330511152744293	0.9671802520751953	0.10065416246652603
0.666508138179779	10.88305950164795	1.3109999895095825	0.056897446513175964	0.9114711284637451	0.9770563199741006	6	0.022943680025899423	4	0.0	0	0.9626479148864746	-0.2443493753671646	0.11662918329238892	0.1373962163925171	0.06968432664871216	-0.9880619645118713	0.23330509662628174	0.9671801924705505	0.10065415501594543
0.44843146204948425	10.455517768859863	0.6052920818328857	0.11220164597034454	0.8705571889877319	0.9112623005031807	6	0.05387299102849583	7	0.03486470846832342	4	0.8786882758140564	-0.38310450315475464	-0.2848473787307739	-0.27958935499191284	0.07066969573497772	-0.9575153589248657	0.38695845007896423	0.920997679233551	-0.04501529783010483
0.7181715965270996	10.876601219177246	0.8710432648658752	0.09292243421077728	0.9082677960395813	1.0	6	0.0	0	0.0	0	0.8786882758140564	-0.38310450315475464	-0.2848473787307739	-0.27958932518959045	0.07066968083381653	-0.957515299320221	0.3869584798812866	0.9209977388381958	-0.04501530900597572
0.5096847414970398	10.423937797546387	0.8367176651954651	0.09305666387081146	0.8693164587020874	0.8387582603029233	6	0.09709429656023238	7	0.06414744313684427	4	0.8786882758140564	-0.38310450315475464	-0.2848473787307739	-0.27958932518959045	0.07066968828439713	-0.957515299320221	0.3869584798812866	0.9209977388381958	-0.045015301555395126
0.5096847414970398	10.423937797546387	0.8367176651954651	0.09305666387081146	0.8693164587020874	0.8387582603029233	6	0.09709429656023238	7	0.06414744313684427	4	0.9123055338859558	-0.4003918766975403	0.08593565970659256	0.12392189353704453	0.06991474330425262	-0.9898258447647095	0.39031004905700684	0.913672924041748	0.11340092122554779
0.666508138179779	10.88305950164795	1.3109999895095825	0.056897446513175964	0.9114711284637451	0.9770563199741006	6	0.022943680025899423	4	0.0	0	0.9123055338859558	-0.4003918766975403	0.08593565970659256	0.12392190843820572	0.06991475820541382	-0.989825963973999	0.3903101086616516	0.9136730432510376	0.11340095102787018
0.4468880593776703	10.408526420593262	1.43157160282135	0.04420739412307739	0.8715931177139282	0.8100359077988735	6	0.1683287079065586	4	0.021635384294567905	7	0.9123055338859558	-0.4003918766975403	0.08593565970659256	0.12392190843820572	0.06991475075483322	-0.9898259043693542	0.3903100788593292	0.9136729836463928	0.11340094357728958
0.0	11.377848625183105	0.3115086555480957	0.5951976776123047	0.4750053882598877	1.0	6	0.0	0	0.0	0	-1.0	0.0	0.0	0.0	-0.10179905593395233	0.9948050379753113	0.0	0.9948050379753113	0.10179905593395233
0.0	10.992234230041504	0.7471864223480225	0.6339753866195679	0.44600212574005127	1.0	6	0.0	0	0.0	0	-1.0	0.0	0.0	0.0	-0.10180069506168365	0.994804859161377	0.0	0.994804859161377	0.10180069506168365
0.0	11.334446907043457	0.8603533506393433	0.6403824090957642	0.476090669631958	1.0	6	0.0	0	0.0	0	-1.0	0.0	0.0	0.0	-0.1017976775765419	0.994805097579956	0.0	0.994805097579956	0.1017976775765419
0.0	11.334446907043457	0.8603533506393433	0.6403824090957642	0.476090669631958	1.0	6	0.0	0	0.0	0	-1.0	0.0	0.0	0.0	-0.10180042684078217	0.9948049187660217	0.0	0.9948049187660217	0.10180042684078217
0.3405199348926544	11.97067928314209	0.5662023425102234	0.8247247934341431	0.797684371471405	1.0	6	0.0	0	0.0	0	0.35556933283805847	0.9200963973999023	-0.1642955094575882	-0.9312947988510132	0.36365726590156555	0.021058714017271996	0.07912330329418182	0.14551971852779388	0.9861863255500793
0.0	12.15041446685791	0.8358094692230225	0.8522818088531494	0.8197815418243408	1.0	6	0.0	0	0.0	0	0.35556933283805847	0.9200963973999023	-0.1642955094575882	-0.9312947988510132	0.36365726590156555	0.021058715879917145	0.07912331074476242	0.14551971852779388	0.9861863851547241
0.5329408645629883	11.954495429992676	0.8920072317123413	0.8090764880180359	0.8255397081375122	1.0	6	0.0	0	0.0	0	0.35556933283805847	0.9200963973999023	-0.1642955094575882	-0.9312947392463684	0.36365723609924316	0.021058719605207443	0.07912330329418182	0.1455197036266327	0.9861863255500793
0.0	12.15041446685791	0.8358094692230225	0.8522818088531494	0.8197815418243408	1.0	6	0.0	0	0.0	0	0.33097025752067566	0.9355904459953308	0.12300141155719757	-0.943361222743988	0.33122432231903076	0.018976962193846703	-0.022986389696598053	-0.12231555581092834	0.9922250509262085
0.4750315845012665	11.9118070602417	1.3725308179855347	0.8135530948638916	0.8667872548103333	1.0	6	0.0	0	0.0	0	0.33097025752067566	0.9355904459953308	0.12300141155719757	-0.943361222743988	0.33122432231903076	0.018976960331201553	-0.022986391559243202	-0.12231555581092834	0.9922250509262085
0.5329408645629883	11.954495429992676	0.8920072317123413	0.8090764880180359	0.8255397081375122	1.0	6	0.0	0	0.0	0	0.33097025752067566	0.9355904459953308	0.12300141155719757	-0.943361222743988	0.33122432231903076	0.018976960331201553	-0.022986391559243202	-0.12231555581092834	0.9922250509262085
0.0	10.478510856628418	0.4902217388153076	0.6172451972961426	0.40007561445236206	0.9223517580085719	6	0.05469806604554099	4	0.022950175945887108	7	-1.0	0.0	0.0	0.0	-0.1018027737736702	0.9948046803474426	0.0	0.9948046803474426	0.1018027737736702
0.0	10.91502857208252	0.3043447732925415	0.5984474420547485	0.4355819821357727	1.0	6	0.0	0	0.0	0	-1.0	0.0	0.0	0.0	-0.10180256515741348	0.9948046207427979	0.0	0.9948046207427979	0.10180256515741348
0.0	10.41660213470459	0.5941085815429688	0.6262428164482117	0.3957146108150482	0.8708233695397678	6	0.07773863763280416	4	0.05143799282742801	7	-1.0	0.0	0.0	0.0	-0.1017998605966568	0.9948049187660217	0.0	0.9948049187660217	0.1017998605966568
0.0	10.992234230041504	0.7471864223480225	0.6339753866195679	0.44600212574005127	1.0	6	0.0	0	0.0	0	-1.0	0.0	0.0	0.0	-0.10179934650659561	0.9948049783706665	0.0	0.9948049783706665	0.10179934650659561
0.7448105216026306	11.363961219787598	0.5224266052246094	0.12435545027256012	0.9477221965789795	1.0	6	0.0	0	0.0	0	0.8570807576179504	0.45374104380607605	-0.2439911961555481	-0.30736255645751953	0.07027889043092728	-0.9489937424659729	-0.4134500026702881	0.8883579969406128	0.19969768822193146
0.5389272570610046	11.951981544494629	0.8927284479141235	0.09743304550647736	1.0	1.0	6	0.0	0	0.0	0	0.8570807576179504	0.45374104380607605	-0.2439911961555481	-0.3073625862598419	0.07027888298034668	-0.9489938020706177	-0.4134499430656433	0.8883579969406128	0.19969767332077026
0.842054009437561	11.367772102355957	0.8711059093475342	0.09581254422664642	0.9502393007278442	1.0	6	0.0	0	0.0	0	0.8570807576179504	0.45374104380607605	-0.2439911961555481	-0.3073625862598419	0.07027886807918549	-0.9489938020706177	-0.4134499430656433	0.8883579969406128	0.19969765841960907
0.5389272570610046	11.951981544494629	0.8927284479141235	0.09743304550647736	1.0	1.0	6	0.0	0	0.0	0	0.8854008913040161	0.4560835361480713	0.08973819017410278	0.06443452090024948	0.07076742500066757	-0.9954094886779785	-0.4603404700756073	0.8871188163757324	0.03327002003788948
0.7927318215370178	11.377951622009277	1.3060065507888794	0.0602240227162838	0.9537307024002075	1.0	6	0.0	0	0.0	0	0.8854008913040161	0.4560835361480713	0.08973819017410278	0.06443452835083008	0.07076743245124817	-0.9954096078872681	-0.4603404998779297	0.8871188163757324	0.03327002376317978
0.842054009437561	11.367772102355957	0.8711059093475342	0.09581254422664642	0.9502393007278442	1.0	6	0.0	0	0.0	0	0.8854008913040161	0.4560835361480713	0.08973819017410278	0.06443452835083008	0.07076743990182877	-0.9954096078872681	-0.4603404998779297	0.8871188163757324	0.033270031213760376
0.44843146204948425	10.455517768859863	0.6052920818328857	0.34191957116127014	0.8362808227539062	0.9112623005031807	6	0.05387299102849583	7	0.03486470846832342	4	-0.01980222575366497	-0.9909692406654358	-0.1326189488172531	-0.447923481464386	-0.10979505628347397	0.8873046040534973	-0.8938525915145874	0.07697375863790512	-0.44170424342155457
0.5040687918663025	10.423846244812012	0.8336438536643982	0.3568374514579773	0.8233200311660767	0.8375121282714092	6	0.09885817475292641	7	0.06362969697566435	4	-0.01980222575366497	-0.9909692406654358	-0.1326189488172531	-0.44792354106903076	-0.10979506373405457	0.8873046636581421	-0.8938525319099426	0.07697375118732452	-0.44170424342155457
0.44359156489372253	10.455809593200684	0.6038341522216797	0.34198760986328125	0.8367036581039429	0.9115017313902984	6	0.05361967361176771	7	0.03487859499793381	4	-0.01980222575366497	-0.9909692406654358	-0.1326189488172531	-0.447923481464386	-0.10979505628347397	0.8873046040534973	-0.8938525915145874	0.07697375863790512	-0.44170424342155457
0.5040687918663025	10.423846244812012	0.8336438536643982	0.7530634999275208	0.6079126000404358	0.8375121282714092	6	0.09885817475292641	7	0.06362969697566435	4	-0.9745655059814453	0.03696103394031525	0.22103387117385864	-0.14938780665397644	0.6280582547187805	-0.7636923789978027	-0.16704900562763214	-0.777288019657135	-0.6065623760223389
0.39023396372795105	9.909111976623535	0.41780537366867065	0.7530636191368103	0.6645554304122925	0.7745779214685352	7	0.13226829250456446	6	0.09315378602690032	8	-0.9745655059814453	0.03696103394031525	0.22103387117385864	-0.14938782155513763	0.6280582547187805	-0.7636924982070923	-0.16704900562763214	-0.7772881388664246	-0.6065623760223389
0.42458346486091614	9.909193992614746	0.5692428350448608	0.7433305382728577	0.656315803527832	0.6701992512688041	7	0.21046338100082285	6	0.11933736773037304	4	-0.9745655059814453	0.03696103394031525	0.22103387117385864	-0.14938780665397644	0.6280582547187805	-0.7636924386024475	-0.16704902052879333	-0.7772880792617798	-0.6065623760223389
0.0	12.044753074645996	0.4932606816291809	0.6045159101486206	0.5333046317100525	1.0	6	0.0	0	0.0	0	-1.0	0.0	0.0	0.0	-0.10179973393678665	0.9948049783706665	0.0	0.9948049783706665	0.10179973393678665
0.0	12.15041446685791	0.8358094692230225	0.6316170692443848	0.5452718734741211	1.0	6	0.0	0	0.0	0	-1.0	0.0	0.0	0.0	-0.10179974883794785	0.9948049187660217	0.0	0.9948049187660217	0.10179974883794785
0.0	12.115357398986816	1.5603100061416626	0.691078782081604	0.5485956072807312	1.0	6	0.0	0	0.0	0	-1.0	0.0	0.0	0.0	-0.10179945081472397	0.9948049783706665	0.0	0.9948049783706665	0.10179945081472397
0.5089502334594727	9.924546241760254	1.4965215921401978	0.0465446375310421	0.782799482345581	0.7108136939695063	4	0.17407169810186954	6	0.11511460792862407	7	-0.032401494681835175	0.4019549787044525	0.9150859713554382	0.9789375066757202	-0.1718871146440506	0.11016442626714706	0.20157262682914734	0.8993814587593079	-0.3879193961620331
0.0	9.260266304016113	1.770288109779358	0.0164802148938179	0.7168828845024109	0.8662269919515645	4	0.08767420409556324	7	0.04609880395287222	6	-0.032401494681835175	0.4019549787044525	0.9150859713554382	0.9789375066757202	-0.1718871146440506	0.11016442626714706	0.20157262682914734	0.8993814587593079	-0.3879193961620331
0.8662003874778748	9.174094200134277	1.8388100862503052	0.08364277333021164	0.7226485013961792	0.640749634222973	7	0.28163032470734023	4	0.0776200410696868	3	-0.032401494681835175	0.4019549787044525	0.9150859713554382	0.9789375066757202	-0.1718871295452118	0.11016443371772766	0.20157264173030853	0.8993814587593079	-0.3879193961620331
0.0	10.359292030334473	1.5862199068069458	0.0	0.8103201389312744	0.7808932566846392	6	0.21910674331536087	4	0.0	0	0.30581143498420715	0.1645248383283615	0.9377691745758057	0.9406076073646545	-0.20473076403141022	-0.2708185613155365	0.1474338173866272	0.9648922085762024	-0.21736231446266174
0.5089502334594727	9.924546241760254	1.4965215921401978	0.0465446375310421	0.782799482345581	0.7108136939695063	4	0.17407169810186954	6	0.11511460792862407	7	0.30581143498420715	0.1645248383283615	0.9377691745758057	0.9406076073646545	-0.20473076403141022	-0.2708185613155365	0.1474338173866272	0.9648922085762024	-0.21736231446266174
0.4420677125453949	10.407902717590332	1.4335309267044067	0.033765725791454315	0.8226232528686523	0.8088734758073561	6	0.16999193366434062	4	0.021134590528303254	7	0.30581143498420715	0.1645248383283615	0.9377691745758057	0.9406076669692993	-0.2047307789325714	-0.2708185613155365	0.147433802485466	0.9648921489715576	-0.21736229956150055
0.0	9.84131908416748	1.587091088294983	0.7121081352233887	0.35543105006217957	0.7877873962264886	4	0.16920714896259306	6	0.04300545481091829	7	-1.0	0.0	0.0	0.0	-0.10180062800645828	0.9948047995567322	0.0	0.9948047995567322	0.10180062800645828
0.5096847414970398	10.423937797546387	0.8367176651954651	0.09305666387081146	0.8693164587020874	0.8387582603029233	6	0.09709429656023238	7	0.06414744313684427	4	0.9841884970664978	-0.13726463913917542	-0.11194394528865814	-0.10283002257347107	0.0718023031949997	-0.9921040534973145	0.14421862363815308	0.9879285097122192	0.05655206739902496
0.5150991082191467	9.925614356994629	1.4953593015670776	0.03615458682179451	0.8308405876159668	0.7096045637108749	4	0.17350232585811468	6	0.11689311043101039	7	0.9841884970664978	-0.13726463913917542	-0.11194394528865814	-0.10283000767230988	0.0718022957444191	-0.9921039938926697	0.14421863853931427	0.987928569316864	0.05655206739902496
0.39023396372795105	9.909111976623535	0.41780537366867065	0.12435547262430191	0.8227733373641968	0.7745779214685352	7	0.13226829250456446	6	0.09315378602690032	8	0.9841884970664978	-0.13726463913917542	-0.11194394528865814	-0.10283003002405167	0.07180231064558029	-0.9921041131019592	0.14421863853931427	0.987928569316864	0.05655207484960556
0.7523755431175232	8.363842964172363	1.5702062845230103	0.091525137424469	0.6559615731239319	0.4757124143736149	3	0.3474411369393991	4	0.176846448686986	7	0.41627609729766846	-0.01849210634827614	0.9090501666069031	0.8847271203994751	-0.2223416417837143	-0.4096609055995941	0.2096952348947525	0.9747934937477112	-0.07619504630565643
0.9681655168533325	6.686868667602539	1.4372774362564087	0.1387265920639038	0.5210553407669067	0.6127755315489873	17	0.3424318848898742	2	0.044792583561138466	3	0.41627609729766846	-0.01849210634827614	0.9090501666069031	0.8847271800041199	-0.22234168648719788	-0.4096609354019165	0.2096952497959137	0.9747934341430664	-0.07619506120681763
1.2041066884994507	8.31535530090332	1.3623613119125366	0.13072781264781952	0.6613684296607971	0.5855749832266106	3	0.21246026269674007	4	0.20196475407664932	7	0.41627609729766846	-0.01849210634827614	0.9090501666069031	0.8847271800041199	-0.22234167158603668	-0.4096609354019165	0.2096952348947525	0.9747934341430664	-0.07619504630565643
0.0	9.370030403137207	0.04797331988811493	0.5903105735778809	0.301954984664917	0.6922978249409447	7	0.18695633156631167	4	0.12074584349274367	3	-1.0	0.0	0.0	0.0	-0.10180023312568665	0.994804859161377	0.0	0.994804859161377	0.10180023312568665
0.0	9.260266304016113	1.770288109779358	0.7318845391273499	0.3076091408729553	0.8662269919515645	4	0.08767420409556324	7	0.04609880395287222	6	-1.0	0.0	0.0	0.0	-0.10180015116930008	0.994804859161377	0.0	0.994804859161377	0.10180015116930008
0.42458346486091614	9.909193992614746	0.5692428350448608	0.7433305382728577	0.656315803527832	0.6701992512688041	7	0.21046338100082285	6	0.11933736773037304	4	0.0583869032561779	0.669185996055603	-0.7407975792884827	-0.9982870817184448	0.0419149175286293	-0.04081818833947182	0.0037355106323957443	0.7419118881225586	0.6704870462417603
0.4323018491268158	9.370030403137207	0.08280758559703827	0.7460684776306152	0.7183352112770081	0.8342974329608555	7	0.08461483554423103	4	0.08108773149491345	3	0.0583869032561779	0.669185996055603	-0.7407975792884827	-0.9982870221138	0.041914913803339005	-0.04081818461418152	0.0037355092354118824	0.7419118881225586	0.6704870462417603
0.4267025887966156	9.370030403137207	0.08236627280712128	0.7461180090904236	0.7183622717857361	0.8324627230981213	7	0.08593541932706898	4	0.08160185757480967	3	0.0583869032561779	0.669185996055603	-0.7407975792884827	-0.9982870221138	0.041914913803339005	-0.04081818461418152	0.0037355092354118824	0.7419118881225586	0.6704870462417603
1.1458901166915894	6.30999231338501	1.476444125175476	0.8562178611755371	0.25793367624282837	0.853569738342235	17	0.14643026165776493	2	0.0	0	0.9936898946762085	0.07677478343248367	-0.08176787197589874	0.07873070240020752	0.041791051626205444	0.9960195422172546	0.07988635450601578	-0.996172308921814	0.03548281639814377
1.0560634136199951	6.159969329833984	0.24395684897899628	0.7545208930969238	0.2663271129131317	0.9089522893862834	17	0.09104771061371666	2	0.0	0	0.9936898946762085	0.07677478343248367	-0.08176787197589874	0.07873070240020752	0.041791051626205444	0.9960196018218994	0.07988635450601578	-0.9961722493171692	0.03548281267285347
1.0235637426376343	6.5754780769348145	0.23913834989070892	0.7555788159370422	0.2308349311351776	0.7666983219288994	17	0.23330167807110058	2	0.0	0	0.9936898946762085	0.07677478343248367	-0.08176787197589874	0.07873070240020752	0.041791051626205444	0.9960195422172546	0.07988635450601578	-0.996172308921814	0.03548281639814377
2.9271154403686523	9.724534034729004	0.825107991695404	0.25016969442367554	0.8122813701629639	0.8440276764750083	9	0.15597232352499166	8	0.0	0	-0.05842365324497223	0.3429574966430664	0.9375323057174683	0.9764115214347839	-0.1759149432182312	0.12519769370555878	0.2078634351491928	0.922731876373291	-0.3245900571346283
4.319178104400635	9.468335151672363	1.0055761337280273	0.36307698488235474	0.8118116855621338	0.878526270566548	10	0.12147372943345207	9	0.0	0	-0.05842365324497223	0.3429574966430664	0.9375323057174683	0.9764115810394287	-0.1759149432182312	0.12519769370555878	0.2078634351491928	0.922731876373291	-0.3245900869369507
4.332645893096924	9.59189510345459	0.9612160921096802	0.3625750243663788	0.8227733373641968	0.9583472227301499	10	0.04165277726985004	9	0.0	0	-0.05842365324497223	0.3429574966430664	0.9375323057174683	0.9764115214347839	-0.1759149432182312	0.12519769370555878	0.2078634351491928	0.922731876373291	-0.3245900571346283
0.39023396372795105	9.909111976623535	0.41780537366867065	0.3944307565689087	0.04455345496535301	0.7745779214685352	7	0.13226829250456446	6	0.09315378602690032	8	0.3014306426048279	0.5201219916343689	-0.7991324663162231	0.9507657885551453	-0.10067132860422134	0.29310357570648193	0.07199989259243011	-0.8481382131576538	-0.524859607219696
1.243393063545227	9.27974796295166	0.32998794317245483	0.46732354164123535	0.09016571938991547	0.930483096971982	7	0.06951690302801809	8	0.0	0	0.3014306426048279	0.5201219916343689	-0.7991324663162231	0.9507657885551453	-0.10067132860422134	0.29310357570648193	0.07199989259243011	-0.8481382131576538	-0.524859607219696
0.4323018491268158	9.370030403137207	0.08280758559703827	0.39779946208000183	0.08979335427284241	0.8342974329608555	7	0.08461483554423103	4	0.08108773149491345	3	0.3014306426048279	0.5201219916343689	-0.7991324663162231	0.9507657885551453	-0.10067132860422134	0.29310357570648193	0.07199989259243011	-0.8481382131576538	-0.524859607219696
0.5150991082191467	9.925614356994629	1.4953593015670776	0.04702919349074364	0.7830002307891846	0.7096045637108749	4	0.17350232585811468	6	0.11689311043101039	7	0.17144323885440826	0.003798095276579261	0.985186755657196	0.9636622667312622	-0.2085704803466797	-0.16689343750476837	0.20484699308872223	0.9780000448226929	-0.03941807895898819
1.2892584800720215	9.196867942810059	1.3634487390518188	0.12252068519592285	0.7362096309661865	0.8058842699676246	7	0.12837083913209937	8	0.06574489090027594	4	0.17144323885440826	0.003798095276579261	0.985186755657196	0.9636622667312622	-0.20857051014900208	-0.16689343750476837	0.20484702289104462	0.9780000448226929	-0.03941808268427849
1.5227739810943604	9.926785469055176	1.3199981451034546	0.12921157479286194	0.8012821674346924	0.7818566310279857	8	0.15072160423384387	7	0.0674217647381704	4	0.17144323885440826	0.003798095276579261	0.985186755657196	0.9636622667312622	-0.20857049524784088	-0.16689343750476837	0.20484700798988342	0.9780000448226929	-0.03941808268427849
0.39023396372795105	9.909111976623535	0.41780537366867065	0.6790573596954346	0.8817519545555115	0.7745779214685352	7	0.13226829250456446	6	0.09315378602690032	8	-0.04047409072518349	0.9986920356750488	0.03124404326081276	-0.109296515583992	0.02665688656270504	-0.9936517477035522	-0.9931849241256714	-0.04363201931118965	0.10807464271783829
1.5227739810943604	9.926785469055176	1.3199981451034546	0.5961682796478271	0.7952872514724731	0.7818566310279857	8	0.15072160423384387	7	0.0674217647381704	4	-0.04047409072518349	0.9986920356750488	0.03124404326081276	-0.10929649323225021	0.02665688470005989	-0.9936516880989075	-0.9931848645210266	-0.04363201558589935	0.1080746278166771
1.4059793949127197	9.95305347442627	0.32906365394592285	0.6780626773834229	0.7959396839141846	0.8730311543731091	8	0.12696884562689087	7	0.0	0	-0.04047409072518349	0.9986920356750488	0.03124404326081276	-0.10929650813341141	0.02665688656270504	-0.9936517477035522	-0.9931849241256714	-0.04363201558589935	0.10807464271783829
0.0	5.767232894897461	1.693076491355896	0.7333018183708191	0.7132326364517212	0.7160281526189559	17	0.28397184738104403	2	0.0	0	1.0	0.0	0.0	0.0	0.9027289748191833	0.4302096664905548	0.0	-0.4302096962928772	0.9027290344238281
0.0	6.141454696655273	-0.05704386532306671	0.6991894841194153	0.5643755793571472	0.5215890673447414	17	0.47841093265525864	2	0.0	0	1.0	0.0	0.0	0.0	0.9027163982391357	0.4302363395690918	0.0	-0.4302363097667694	0.902716338634491
0.0	5.767232894897461	1.7268704175949097	0.7344964742660522	0.7158411741256714	0.7307790349176313	17	0.2692209650823687	2	0.0	0	1.0	0.0	0.0	0.0	0.9027290940284729	0.43020936846733093	0.0	-0.4302093982696533	0.9027291536331177
1.2041066884994507	8.31535530090332	1.3623613119125366	0.8538585901260376	0.08616630733013153	0.5855749832266106	3	0.21246026269674007	4	0.20196475407664932	7	0.987575113773346	-0.13767173886299133	-0.07577601075172424	0.08222293108701706	0.04175291210412979	0.9957389831542969	-0.13392123579978943	-0.9895975589752197	0.05255391076207161
0.9683123826980591	7.06915283203125	0.5534281730651855	0.7831069231033325	0.18984052538871765	0.6406392027993939	2	0.29201880911805006	17	0.06734198808255601	3	0.987575113773346	-0.13767173886299133	-0.07577601075172424	0.08222293853759766	0.04175291582942009	0.9957390427589417	-0.13392123579978943	-0.989597499370575	0.05255391076207161
1.1356456279754639	8.395435333251953	0.32462912797927856	0.7689526081085205	0.07559658586978912	0.482015331813179	4	0.2738187264161257	3	0.24416594177069528	7	0.987575113773346	-0.13767173886299133	-0.07577601075172424	0.08222293108701706	0.04175291210412979	0.9957389831542969	-0.13392123579978943	-0.9895975589752197	0.05255391076207161
0.375031977891922	8.350848197937012	0.09760592877864838	0.4021620750427246	0.17696991562843323	0.7333479887314778	3	0.13516791355197438	7	0.1314840977165478	4	0.18373864889144897	-0.18922190368175507	-0.9645907282829285	0.9730865359306335	-0.10382726043462753	0.2057245671749115	-0.13907839357852936	-0.9764297008514404	0.16505217552185059
0.2126348614692688	7.02456521987915	0.32684630155563354	0.4036824107170105	0.29134806990623474	0.7772507552067073	2	0.12694068690154173	17	0.09580855789175097	3	0.18373864889144897	-0.18922190368175507	-0.9645907282829285	0.9730865359306335	-0.10382726043462753	0.2057245671749115	-0.13907839357852936	-0.9764297008514404	0.16505217552185059
0.21031805872917175	7.02456521987915	0.32640498876571655	0.40348970890045166	0.29136911034584045	0.7765098382839251	2	0.1269896125347292	17	0.09650054918134575	3	0.18373864889144897	-0.18922190368175507	-0.9645907282829285	0.9730865359306335	-0.10382726788520813	0.2057245671749115	-0.13907839357852936	-0.9764297008514404	0.16505217552185059
0.0	8.350848197937012	0.0632130354642868	0.5999999046325684	0.21541032195091248	0.7624310707927642	3	0.12986546521553716	4	0.10770346399169864	7	-1.0	0.0	0.0	0.0	-0.10179973393678665	0.9948049187660217	0.0	0.9948049783706665	0.10179974138736725
0.0	6.521286487579346	1.6682277917861938	0.7462437152862549	0.07378178834915161	0.865837765618374	2	0.13416223438162594	17	0.0	0	-1.0	0.0	0.0	0.0	-0.10179974138736725	0.9948049187660217	0.0	0.9948049783706665	0.10179974883794785
0.0	8.778621673583984	1.5883864164352417	0.7210191488265991	0.2650640904903412	0.8433825901786679	4	0.10746474129391367	3	0.04915266852741846	7	-1.0	0.0	0.0	0.0	-0.10179993510246277	0.9948049187660217	0.0	0.9948049783706665	0.10179994255304337
0.0	8.778621673583984	1.5883864164352417	0.026809154078364372	0.6785674095153809	0.8433825901786679	4	0.10746474129391367	3	0.04915266852741846	7	0.03575798124074936	-0.007809508126229048	0.9993299841880798	0.9812641143798828	-0.189161017537117	-0.03658979386091232	0.18932002782821655	0.9819150567054749	0.0008991737850010395
0.49670401215553284	6.75794792175293	1.554822325706482	0.09863986074924469	0.5181151032447815	0.7496691280418544	2	0.20772860213071587	17	0.04260226982742972	3	0.03575798124074936	-0.007809508126229048	0.9993299841880798	0.9812641739845276	-0.189161017537117	-0.03658979386091232	0.18931999802589417	0.9819149971008301	0.000899174134247005
0.7543860673904419	8.361309051513672	1.5581318140029907	0.09187089651823044	0.6559041738510132	0.4757475566075047	3	0.3513251712382736	4	0.1729272721542217	7	0.03575798124074936	-0.007809508126229048	0.9993299841880798	0.9812641143798828	-0.189161017537117	-0.03658979386091232	0.18932002782821655	0.9819150567054749	0.0008991737850010395
0.0	6.608768463134766	-0.03876097500324249	0.6061059236526489	0.06636613607406616	0.6092279216078877	2	0.36234894447034705	17	0.028423133921765247	3	-1.0	0.0	0.0	0.0	-0.10185235738754272	0.9947995543479919	0.0	0.9947995543479919	0.10185235738754272
0.0	6.130072116851807	-0.11815018951892853	0.6036000847816467	0.024958183988928795	0.5363330787986526	17	0.46366692120134745	2	0.0	0	-1.0	0.0	0.0	0.0	-0.1022438034415245	0.9947593808174133	0.0	0.9947593808174133	0.1022438034415245
0.0	5.819418907165527	0.049127981066703796	0.6198243498802185	0.0	0.6433110890048579	17	0.34873279589435435	2	0.007956115100787788	18	-1.0	0.0	0.0	0.0	-0.10230214148759842	0.9947534203529358	0.0	0.9947534203529358	0.10230214148759842
0.8662003874778748	9.174094200134277	1.8388100862503052	0.08364277333021164	0.7226485013961792	0.640749634222973	7	0.28163032470734023	4	0.0776200410696868	3	-0.13217347860336304	-0.30725613236427307	0.9424031972885132	0.9812628030776978	-0.1750241369009018	0.08055967092514038	0.14019086956977844	0.9353931546211243	0.32463258504867554
0.0	8.778621673583984	1.5883864164352417	0.026809154078364372	0.6785674095153809	0.8433825901786679	4	0.10746474129391367	3	0.04915266852741846	7	-0.13217347860336304	-0.30725613236427307	0.9424031972885132	0.9812628626823425	-0.175024151802063	0.08055966347455978	0.14019086956977844	0.9353930950164795	0.32463258504867554
